3949534.015 1522885.085 4755506.416
4198766.944 1394900.298 4579647.807
4192498.898 1425966.119 4575143.392
4191245.823 1459052.716 4565844.805
4171409.677 1470823.777 4580140.907
4222311.132 1289391.206 4588230.218
4209607.736 1345599.547 4583834.053
4198482.050 1363550.109 4588712.998
4174562.388 1444672.171 4585589.301
4153439.185 1461062.013 4599422.405
4158534.915 1489855.537 4585635.132
4123313.918 1554628.111 4595802.306
4119945.860 1578886.650 4590600.948
4212078.495 1247942.373 4609047.120
4209549.306 1273068.265 4604502.393
4191543.989 1310845.295 4610166.373
4165848.058 1343592.379 4624020.967
4189704.440 1337466.583 4604159.349
4177741.816 1357264.035 4609350.654
4155662.481 1370693.013 4625106.427
4170422.994 1388468.591 4606636.763
4156931.537 1408973.535 4612509.830
4156616.775 1435190.198 4604606.661
4131886.886 1470063.546 4615801.587
4110742.631 1502569.201 4624105.615
4106520.913 1546325.505 4613484.632
4104231.751 1573529.397 4606379.131
4201266.377 1230408.179 4623461.022
4187773.625 1259631.639 4627810.970
4168430.738 1259412.163 4645096.977
4141649.192 1393555.991 4630648.748
4122228.102 1406462.090 4644063.892
4133790.573 1421572.845 4629174.382
4103127.806 1482745.536 4637181.873
4087930.197 1501656.254 4644432.539
4102435.433 1518762.425 4626184.264
4164439.784 1227449.153 4657322.784
4146957.889 1277033.850 4659439.264
4127776.934 1321670.028 4664578.947
4097766.714 1422431.462 4660604.856
4075653.386 1474820.840 4663673.873
4093656.826 1467339.950 4650387.283
4062139.603 1511937.997 4663566.939
4021014.875 1614110.490 4665006.091
4129308.759 1248341.422 4682554.252
4106203.343 1327855.910 4681060.708
4093843.280 1348041.228 4686066.300
4091364.096 1374001.886 4680840.982
4062550.101 1425110.464 4690634.109
4074092.327 1433542.653 4678060.874
4063935.261 1458853.141 4678816.836
4044109.085 1479464.689 4689416.906
4037265.283 1511516.117 4685103.149
4033933.348 1539698.603 4678852.110
3983614.541 1625758.318 4692821.546
3995731.158 1606321.434 4689236.566
4105208.207 1273869.453 4696656.920
4080491.149 1364191.555 4693548.446
4052470.205 1407415.695 4704996.796
4016421.361 1504059.416 4705346.980
3955632.880 1611863.197 4720991.316
4048625.788 1389966.637 4713815.478
4031239.426 1431661.098 4715653.152
3978975.287 1517881.615 4732600.148
3996244.615 1532217.012 4713286.356
3934277.692 1602687.832 4741752.884
3960834.320 1518782.359 4747467.142
4228113.171 1337490.553 4569092.533
4120181.744 1520413.954 4609943.479
4106410.791 1446148.084 4645796.064
4115696.908 1465128.092 4631697.738
4129249.980 1367896.682 4649357.220
4082930.510 1454012.807 4664012.253
4058305.739 1538188.324 4658344.191
4054314.065 1573603.662 4650040.634
4070664.119 1391507.877 4694232.203
4013915.984 1542724.675 4694919.179
3939065.849 1635574.633 4726647.354
4177483.936 1411949.144 4593200.959
4192488.688 1285922.837 4616167.608
4146978.257 1247293.411 4667336.688
