3949477.143  1522954.899  4755516.335
4198709.676  1394970.536  4579657.048
4192441.646  1426036.332  4575152.571
4191188.455  1459122.762  4565853.844
4171352.311  1470893.887  4580150.178
4222253.719  1289462.008  4588239.178
4209550.391  1345669.962  4583843.169
4198424.836  1363620.431  4588722.136
4174505.017  1444742.327  4585598.419
4153381.946  1461132.102  4599431.602
4158477.588  1489925.627  4585644.343
4123256.603  1554698.142  4595811.797
4119888.739  1578956.714  4590610.788
4212021.340  1248013.276  4609056.161
4209492.348  1273139.091  4604511.620
4191486.784  1310915.834  4610175.395
4165791.039  1343662.709  4624030.074
4189647.202  1337536.996  4604168.444
4177684.694  1357334.393  4609359.812
4155605.337  1370763.276  4625115.528
4170365.799  1388538.839  4606645.959
4156874.335  1409043.700  4612518.968
4156559.545  1435260.302  4604615.813
4131829.643  1470133.565  4615810.812
4110685.511  1502639.213  4624115.075
4106463.702  1546395.495  4613494.224
4104174.485  1573599.350  4606388.829
4201209.523  1230479.184  4623470.030
4187716.758  1259702.418  4627820.021
4168374.020  1259482.895  4645105.921
4141592.149  1393626.156  4630657.858
4122170.994  1406532.089  4644072.892
4133733.461  1421642.887  4629183.558
4103070.822  1482815.554  4637191.372
4087873.145  1501726.218  4644442.017
4102378.310  1518832.481  4626193.735
4164383.326  1227519.925  4657331.792
4146901.301  1277104.509  4659448.287
4127720.068  1321740.425  4664587.796
4097709.784  1422501.523  4660614.140
4075596.344  1474890.771  4663683.322
4093599.642  1467409.838  4650396.498
4062082.598  1512007.855  4663576.664
4020957.835  1614180.417  4665015.939
4129252.326  1248411.921  4682563.123
4106146.506  1327925.944  4681069.540
4093786.400  1348111.338  4686075.180
4091307.276  1374071.975  4680850.141
4062493.123  1425180.342  4690643.343
4074035.256  1433612.518  4678070.045
4063878.171  1458922.999  4678826.205
4044051.995  1479534.630  4689426.408
4037208.046  1511585.925  4685112.738
4033876.250  1539768.476  4678861.878
3983557.325  1625828.213  4692831.266
3995674.173  1606391.385  4689246.438
4105151.738  1273939.751  4696665.749
4080434.213  1364261.577  4693557.385
4052413.312  1407485.500  4705005.943
4016364.034  1504129.250  4705356.355
3955575.649  1611933.124  4721000.952
4048569.083  1390036.466  4713824.695
4031182.694  1431730.838  4715662.646
3978918.497  1517951.465  4732609.905
3996187.462  1532286.811  4713295.946
3934220.372  1602757.687  4741762.438
3960777.267  1518852.147  4747476.858
4228055.725  1337561.017  4569101.563
4120124.540  1520483.937  4609952.851
4106353.700  1446218.108  4645805.295
4115639.759  1465198.136  4631707.034
4129192.941  1367966.816  4649366.231
4082873.478  1454082.766  4664021.513
4058248.570  1538258.129  4658353.692
4054256.935  1573673.343  4650050.489
4070607.277  1391577.797  4694241.348
4013858.795  1542794.489  4694928.760
3939008.935  1635644.645  4726657.320
4177426.516  1412019.213  4593209.947
4192431.583  1285993.460  4616176.683
4146921.878  1247364.087  4667345.687
